R =10;
L =0.002;
C =0.00001;
V =32;
